108.3731856378916 766.9628396813271
210.44674233329698 768.0487285823419
285.3730765033286 766.9628396813271
346.1828549601659 766.9628396813271
410.25030012004794 766.9628396813271
468.8883007748553 768.0487285823419
532.9557459347375 768.0487285823419
592.6796354905598 768.0487285823419
590.5078576885298 660.5457273818618
589.421968787515 550.8709483793516
666.5200807595766 548.6991705773218
668.6918585616063 633.398504856488
528.6121903306775 661.6316162828767
472.14596747790023 659.4598384808469
414.59385572410775 658.3739495798319
414.59385572410775 549.7850594783367
472.14596747790023 549.7850594783367
529.6980792316926 551.9568372803667
541.6428571428571 525.8955036560078
541.6428571428571 496.5765033286041
417.8515224271526 490.0611699225144
352.6981883662556 491.14705882352933
285.3730765033286 487.8893921204845
207.18907563025215 493.31883662555924
102.9437411328168 492.23294772454426
106.20140783586163 218.58894466877655
205.01729782822218 214.24538906471673
281.0295208992688 214.24538906471673
351.6122994652406 214.24538906471673
414.59385572410775 207.73005565862695
537.2993015387974 201.21472225253729
437.3975226454217 200.1288333515223
417.8515224271526 126.28838808250566
536.2134126377823 124.1166102804757
695.8390810869801 126.28838808250566
696.9249699879952 200.1288333515223
695.8390810869801 273.96927862053906
537.2993015387974 278.3128342245989
416.7656335261377 280.4846120266287
415.67974462512274 351.06739059260065
418.93741132816757 423.82194696060236
537.2993015387974 355.41094619666035
538.3851904398123 427.0796136636472
107.28729673687661 20.95716468405533
203.93140892720731 23.128942486085293
281.0295208992688 25.300720288115144
346.1828549601659 24.214831387100162
414.59385572410775 19.871275783040346
541.6428571428571 24.214831387100162
692.5814143839352 30.730164793189942
694.7531921859652 348.8956127905707
695.8390810869801 424.9078358616173
698.01085888901 547.6132816763068
696.9249699879952 494.40472552657417
